{
  "advancedEditorSelectedIdentifier" : "ProjectBrowser",
  "openSceneRelativePaths" : [
    "Scene.usda",
    "Untitled.usda",
    "gripen.usda"
  ],
  "recentIdentifiers" : {
    "0C7F33B6-5481-4685-8306-B27B229921A7" : [

    ],
    "D5AA91CB-B838-41B2-A525-5BAC28A124A3" : [

    ]
  },
  "sceneCameraHistory" : {
    "0C7F33B6-5481-4685-8306-B27B229921A7" : [
      {
        "date" : 735201117.268772,
        "title" : "Untitled",
        "transform" : [
          0.8705275,
          5.518871e-09,
          -0.49211988,
          0,
          0.17380632,
          0.93555593,
          0.3074518,
          0,
          0.46040565,
          -0.35317868,
          0.8144271,
          0,
          0.356035,
          -0.09738397,
          0.52944654,
          1
        ]
      },
      {
        "date" : 735201068.308199,
        "title" : "Untitled",
        "transform" : [
          0.6134166,
          -1.2210983e-08,
          -0.78975946,
          0,
          -0.0052748653,
          0.99997765,
          -0.004097044,
          0,
          0.789742,
          0.0066790823,
          0.6134028,
          0,
          0.17746453,
          0.08175227,
          0.13324028,
          1
        ]
      },
      {
        "date" : 735201054.135752,
        "title" : "Untitled",
        "transform" : [
          0.4596143,
          -1.7348206e-08,
          -0.88811874,
          0,
          -0.07689444,
          0.99624485,
          -0.039793972,
          0,
          0.88478357,
          0.08658126,
          0.4578882,
          0,
          0.19229697,
          0.099225044,
          0.09542706,
          1
        ]
      },
      {
        "date" : 735201034.866174,
        "title" : "Untitled",
        "transform" : [
          0.61627877,
          -1.6114605e-08,
          -0.78752804,
          0,
          -0.020345602,
          0.99966615,
          -0.015921414,
          0,
          0.7872652,
          0.025834765,
          0.6160731,
          0,
          0.17571427,
          0.085988,
          0.1328932,
          1
        ]
      },
      {
        "date" : 735201024.945839,
        "title" : "Untitled",
        "transform" : [
          -0.13821004,
          -1.8498538e-08,
          -0.99040306,
          0,
          0.1022504,
          0.9946563,
          -0.014268967,
          0,
          0.9851106,
          -0.103241205,
          -0.1374715,
          0,
          0.22682087,
          0.056875862,
          -0.03531973,
          1
        ]
      },
      {
        "date" : 735201003.980352,
        "title" : "Untitled",
        "transform" : [
          0.23769669,
          -2.4585827e-08,
          -0.97133946,
          0,
          -0.24656063,
          0.96724737,
          -0.060335916,
          0,
          0.93952554,
          0.25383574,
          0.22991146,
          0,
          0.45665506,
          0.32221907,
          0.10276393,
          1
        ]
      },
      {
        "date" : 735184721.115237,
        "title" : "Untitled",
        "transform" : [
          0.23769669,
          -2.4585827e-08,
          -0.97133946,
          0,
          -0.24656063,
          0.96724737,
          -0.060335916,
          0,
          0.93952554,
          0.25383574,
          0.22991146,
          0,
          1.0175072,
          0.98650384,
          0.5557178,
          1
        ]
      },
      {
        "date" : 735184712.602612,
        "title" : "Untitled",
        "transform" : [
          0.23769669,
          -2.4585827e-08,
          -0.97133946,
          0,
          -0.24656063,
          0.96724737,
          -0.060335916,
          0,
          0.93952554,
          0.25383574,
          0.22991146,
          0,
          1.5197401,
          1.213528,
          1.0192642,
          1
        ]
      },
      {
        "date" : 735184708.623257,
        "title" : "Untitled",
        "transform" : [
          0.23769669,
          -2.4585827e-08,
          -0.97133946,
          0,
          -0.24656063,
          0.96724737,
          -0.060335916,
          0,
          0.93952554,
          0.25383574,
          0.22991146,
          0,
          2.2781165,
          1.4183801,
          1.1268442,
          1
        ]
      },
      {
        "date" : 735184699.222746,
        "title" : "Untitled",
        "transform" : [
          0.23769669,
          -2.4585827e-08,
          -0.97133946,
          0,
          -0.24656063,
          0.96724737,
          -0.060335916,
          0,
          0.93952554,
          0.25383574,
          0.22991146,
          0,
          0.5353104,
          0.947518,
          0.7003617,
          1
        ]
      }
    ],
    "56388C2C-9510-4E22-8F21-B7E5FB0E4EB2" : [
      {
        "date" : 735164013.4192,
        "title" : "Untitled",
        "transform" : [
          0.9921507,
          -1.7275598e-09,
          0.12504795,
          0,
          0.070613876,
          0.8253006,
          -0.5602612,
          0,
          -0.10320261,
          0.56469357,
          0.81882256,
          0,
          2.0295649,
          18.7863,
          27.61919,
          1
        ]
      },
      {
        "date" : 735163997.049535,
        "title" : "Untitled",
        "transform" : [
          0.88093865,
          1.9393791e-08,
          -0.47323054,
          0,
          -0.049576346,
          0.9944973,
          -0.09228855,
          0,
          0.47062615,
          0.10476151,
          0.8760914,
          0,
          20.345184,
          3.6313674,
          26.320156,
          1
        ]
      },
      {
        "date" : 735163989.713637,
        "title" : "Untitled",
        "transform" : [
          0.9933491,
          2.376656e-08,
          -0.115142025,
          0,
          -0.029459948,
          0.9667144,
          -0.2541561,
          0,
          0.11130905,
          0.25585777,
          0.96028495,
          0,
          9.100678,
          8.614873,
          31.02943,
          1
        ]
      },
      {
        "date" : 735163983.278273,
        "title" : "Untitled",
        "transform" : [
          0.9800833,
          2.379414e-08,
          -0.19858703,
          0,
          -0.04897916,
          0.96910757,
          -0.2417262,
          0,
          0.19245179,
          0.24663843,
          0.94980615,
          0,
          11.703628,
          8.310918,
          30.229414,
          1
        ]
      },
      {
        "date" : 735163977.653087,
        "title" : "Untitled",
        "transform" : [
          0.99468565,
          2.3877128e-08,
          -0.102957815,
          0,
          -0.017139886,
          0.9860456,
          -0.16559045,
          0,
          0.10152068,
          0.16647518,
          0.9808055,
          0,
          8.786971,
          5.667329,
          31.788897,
          1
        ]
      },
      {
        "date" : 735163973.935799,
        "title" : "Untitled",
        "transform" : [
          0.99216205,
          1.8962748e-08,
          0.12495725,
          0,
          0.10370192,
          0.5579141,
          -0.82339406,
          0,
          -0.069715865,
          0.8298987,
          0.5535411,
          0,
          3.1409163,
          27.4954,
          18.814917,
          1
        ]
      },
      {
        "date" : 735163934.137892,
        "title" : "Untitled",
        "transform" : [
          0.6016234,
          1.9281416e-08,
          -0.7987799,
          0,
          -0.4219015,
          0.84913087,
          -0.31776696,
          0,
          0.67826843,
          0.5281824,
          0.5108574,
          0,
          25.608545,
          17.585043,
          12.443154,
          1
        ]
      },
      {
        "date" : 735163931.813068,
        "title" : "Untitled",
        "transform" : [
          0.95750064,
          1.3659856e-08,
          -0.2884313,
          0,
          -0.20658423,
          0.69786024,
          -0.6857945,
          0,
          0.20128432,
          0.7162339,
          0.66820174,
          0,
          11.844382,
          23.767149,
          20.364103,
          1
        ]
      },
      {
        "date" : 735163925.288933,
        "title" : "Untitled",
        "transform" : [
          0.99128926,
          7.710262e-09,
          0.13170317,
          0,
          0.022233892,
          0.98564726,
          -0.16734754,
          0,
          -0.12981327,
          0.16881806,
          0.9770614,
          0,
          1.1379209,
          5.744608,
          32.94796,
          1
        ]
      },
      {
        "date" : 735163911.745429,
        "title" : "Untitled",
        "transform" : [
          0.95843095,
          6.8150245e-09,
          0.2853249,
          0,
          -0.009376998,
          0.99945986,
          0.031498205,
          0,
          -0.28517115,
          -0.03286438,
          0.9579129,
          0,
          -0.9309231,
          3.560209,
          31.483639,
          1
        ]
      }
    ],
    "D5AA91CB-B838-41B2-A525-5BAC28A124A3" : [
      {
        "date" : 736496944.932982,
        "title" : "Untitled",
        "transform" : [
          0.72680324,
          3.2538942e-08,
          -0.68684584,
          0,
          -0.33565482,
          0.87245756,
          -0.35518134,
          0,
          0.5992438,
          0.48869008,
          0.6341049,
          0,
          4.624735,
          3.3052332,
          5.770749,
          1
        ]
      },
      {
        "date" : 736496920.881982,
        "title" : "Untitled",
        "transform" : [
          0.9388327,
          2.0007878e-08,
          -0.34437352,
          0,
          -0.26325667,
          0.64468217,
          -0.71769124,
          0,
          0.22201152,
          0.7644506,
          0.60524875,
          0,
          0.9301467,
          3.7523227,
          3.6897209,
          1
        ]
      },
      {
        "date" : 736496784.925143,
        "title" : "Untitled",
        "transform" : [
          0.9936414,
          1.8477554e-08,
          0.11259141,
          0,
          0.08013604,
          0.70244074,
          -0.7072165,
          0,
          -0.079088815,
          0.71174216,
          0.6979742,
          0,
          -2.8752031,
          1.2323004,
          1.2010902,
          1
        ]
      },
      {
        "date" : 736496779.536982,
        "title" : "Untitled",
        "transform" : [
          0.9936414,
          1.8477554e-08,
          0.11259141,
          0,
          0.08013604,
          0.70244074,
          -0.7072165,
          0,
          -0.079088815,
          0.71174216,
          0.6979742,
          0,
          -1.1589217,
          9.67036,
          10.950666,
          1
        ]
      },
      {
        "date" : 736496751.409919,
        "title" : "Untitled",
        "transform" : [
          0.99364144,
          2.2560409e-08,
          0.112591416,
          0,
          0.08013601,
          0.7024408,
          -0.7072165,
          0,
          -0.07908896,
          0.7117422,
          0.6979742,
          0,
          -1.860629,
          1.6174741,
          2.59957,
          1
        ]
      },
      {
        "date" : 736496704.74421,
        "title" : "Untitled",
        "transform" : [
          0.35597858,
          2.2277735e-08,
          0.93449414,
          0,
          0.3093872,
          0.94360465,
          -0.11785551,
          0,
          -0.88179296,
          0.3310746,
          0.33590287,
          0,
          -5.1397834,
          0.017227104,
          1.2336758,
          1
        ]
      },
      {
        "date" : 736496697.638068,
        "title" : "Untitled",
        "transform" : [
          0.4777748,
          1.4538521e-08,
          0.8784824,
          0,
          0.5506249,
          0.7791874,
          -0.29946503,
          0,
          -0.6845024,
          0.6267911,
          0.37227592,
          0,
          -4.659932,
          1.7643974,
          1.7639606,
          1
        ]
      },
      {
        "date" : 736496669.162301,
        "title" : "Untitled",
        "transform" : [
          0.9782249,
          1.624603e-08,
          -0.20754774,
          0,
          -0.20742133,
          0.034899555,
          -0.97762895,
          0,
          0.0072431643,
          0.9993908,
          0.03413968,
          0,
          -1.8908215,
          4.9384747,
          0.89493895,
          1
        ]
      },
      {
        "date" : 736496663.140717,
        "title" : "Untitled",
        "transform" : [
          0.45223418,
          1.624603e-08,
          0.89189917,
          0,
          0.89135593,
          0.03489956,
          -0.45195878,
          0,
          -0.031126985,
          0.9993908,
          0.015782634,
          0,
          -4.2013597,
          4.8322306,
          -0.49030364,
          1
        ]
      },
      {
        "date" : 736496606.125457,
        "title" : "Untitled",
        "transform" : [
          0.9218731,
          -6.831777e-09,
          0.38749176,
          0,
          0.3259138,
          0.54090196,
          -0.7753743,
          0,
          -0.20959523,
          0.8410856,
          0.49864295,
          0,
          -3.3202462,
          1.6957612,
          1.547674,
          1
        ]
      }
    ]
  },
  "selectedSceneRelativePath" : "gripen.usda"
}