{
  "advancedEditorSelectedIdentifier" : "ProjectBrowser",
  "openSceneRelativePaths" : [
    "Immersive.usda",
    "ClockScene.usda"
  ],
  "recentIdentifiers" : {
    "A119D13E-25E5-4F21-85AB-2C4791D77352" : [

    ]
  },
  "sceneCameraHistory" : {
    "A119D13E-25E5-4F21-85AB-2C4791D77352" : [
      {
        "date" : 765955816.901938,
        "title" : "Untitled",
        "transform" : [
          0.9967647,
          -2.0439415e-05,
          0.08037497,
          0,
          0.062839076,
          0.6236967,
          -0.77913654,
          0,
          -0.050113615,
          0.7816666,
          0.62167984,
          0,
          -0.033262175,
          1.0189595,
          0.54863584,
          1
        ]
      },
      {
        "date" : 765955813.498868,
        "title" : "Untitled",
        "transform" : [
          0.98952156,
          -2.0437883e-05,
          -0.14438562,
          0,
          0.025500348,
          0.9843052,
          0.1746232,
          0,
          0.14211598,
          -0.176475,
          0.97399175,
          0,
          0.095554754,
          0.34853292,
          0.61861813,
          1
        ]
      },
      {
        "date" : 765955807.721222,
        "title" : "Untitled",
        "transform" : [
          0.96292406,
          -2.0436724e-05,
          -0.2697727,
          0,
          -0.046100486,
          0.98527837,
          -0.1646251,
          0,
          0.2658046,
          0.17095843,
          0.9487472,
          0,
          0.18588936,
          0.57047284,
          0.65586925,
          1
        ]
      },
      {
        "date" : 765955804.052104,
        "title" : "Untitled",
        "transform" : [
          0.9998619,
          -2.0443033e-05,
          -0.016626405,
          0,
          -0.016615609,
          0.03489988,
          -0.99925274,
          0,
          0.0006007399,
          0.99939084,
          0.034894377,
          0,
          0.0051316377,
          1.2359831,
          0.14303358,
          1
        ]
      },
      {
        "date" : 765955768.210257,
        "title" : "Untitled",
        "transform" : [
          0.9832345,
          -2.0444904e-05,
          -0.18234566,
          0,
          -0.03743502,
          0.9786771,
          -0.2019646,
          0,
          0.17846169,
          0.20540503,
          0.96226823,
          0,
          0.12635614,
          0.59420764,
          0.6679786,
          1
        ]
      },
      {
        "date" : 765955748.987995,
        "title" : "Untitled",
        "transform" : [
          0.9910785,
          -2.0440622e-05,
          -0.13327952,
          0,
          0.012429686,
          0.9956559,
          0.09227588,
          0,
          0.13269868,
          -0.09310891,
          0.98677343,
          0,
          0.10585285,
          0.3740695,
          0.7688974,
          1
        ]
      },
      {
        "date" : 765955722.265183,
        "title" : "Untitled",
        "transform" : [
          0.9636757,
          -2.0441283e-05,
          0.26707575,
          0,
          0.021724602,
          0.9966922,
          -0.078311644,
          0,
          -0.26619062,
          0.08126948,
          0.9604883,
          0,
          -0.20332137,
          0.50826895,
          0.78072226,
          1
        ]
      },
      {
        "date" : 765955709.616378,
        "title" : "Untitled",
        "transform" : [
          0.999751,
          -2.0442058e-05,
          0.022317024,
          0,
          0.005041754,
          0.97435296,
          -0.22496839,
          0,
          -0.021739975,
          0.22502519,
          0.97411036,
          0,
          -0.01182233,
          0.622947,
          0.8153771,
          1
        ]
      },
      {
        "date" : 765955690.766131,
        "title" : "Untitled",
        "transform" : [
          0.96082634,
          -2.044199e-05,
          -0.27715126,
          0,
          0.0818886,
          0.9553744,
          0.2838206,
          0,
          0.2647775,
          -0.29539752,
          0.9179505,
          0,
          0.29151598,
          0.035060644,
          1.0057847,
          1
        ]
      },
      {
        "date" : 765955678.228559,
        "title" : "Untitled",
        "transform" : [
          0.9989077,
          -2.0438954e-05,
          -0.04672741,
          0,
          0.005858399,
          0.9921642,
          0.12480392,
          0,
          0.046358835,
          -0.12494105,
          0.99108046,
          0,
          0.06016989,
          0.22163078,
          1.1325417,
          1
        ]
      }
    ],
    "AF09ED6F-1707-48FD-8720-65B998362C09" : [
      {
        "date" : 765856454.652964,
        "title" : "Untitled",
        "transform" : [
          0.8907782,
          4.827621e-09,
          0.4544384,
          0,
          0.24177328,
          0.8467278,
          -0.4739175,
          0,
          -0.38478562,
          0.5320265,
          0.75424653,
          0,
          -1.534652,
          1.7521458,
          4.142166,
          1
        ]
      },
      {
        "date" : 765847126.85552,
        "title" : "Untitled",
        "transform" : [
          0.8907782,
          4.827621e-09,
          0.4544384,
          0,
          0.24177328,
          0.8467278,
          -0.4739175,
          0,
          -0.38478562,
          0.5320265,
          0.75424653,
          0,
          -1.2100102,
          1.6730303,
          2.3718297,
          1
        ]
      }
    ]
  },
  "sceneViewportBackgroundColors" : {
    "A119D13E-25E5-4F21-85AB-2C4791D77352" : [
      0.043608632,
      0.043608632,
      0.043608632,
      1
    ]
  },
  "selectedSceneRelativePath" : "ClockScene.usda"
}