{
  "advancedEditorSelectedIdentifier" : "ProjectBrowser",
  "openSceneRelativePaths" : [
    "Immersive.usda",
    "ClockScene.usda"
  ],
  "recentIdentifiers" : {
    "A119D13E-25E5-4F21-85AB-2C4791D77352" : [

    ]
  },
  "sceneCameraHistory" : {
    "A119D13E-25E5-4F21-85AB-2C4791D77352" : [
      {
        "date" : 765856851.992291,
        "title" : "Untitled",
        "transform" : [
          0.8890944,
          2.3998092e-10,
          -0.45772386,
          0,
          -0.14738473,
          0.9467414,
          -0.2862839,
          0,
          0.4333461,
          0.32199493,
          0.84174246,
          0,
          0.11028425,
          0.123697326,
          0.21421893,
          1
        ]
      },
      {
        "date" : 765856801.814338,
        "title" : "Untitled",
        "transform" : [
          0.9959454,
          2.245006e-09,
          0.08995946,
          0,
          0.06988031,
          0.6297502,
          -0.7736482,
          0,
          -0.056651995,
          0.77679783,
          0.6271968,
          0,
          -0.018392108,
          0.25218794,
          0.20361991,
          1
        ]
      },
      {
        "date" : 765856799.798702,
        "title" : "Untitled",
        "transform" : [
          0.9999935,
          -4.0207906e-11,
          -0.0036032419,
          0,
          -0.0012753535,
          0.9352659,
          -0.35394382,
          0,
          0.0033699893,
          0.35394615,
          0.9352598,
          0,
          0.0010940694,
          0.11490884,
          0.30363277,
          1
        ]
      },
      {
        "date" : 765856516.02771,
        "title" : "Untitled",
        "transform" : [
          1,
          0,
          0,
          0,
          0,
          0.7071069,
          -0.70710677,
          0,
          0,
          0.70710677,
          0.7071069,
          0,
          0,
          0.2295627,
          0.22956277,
          1
        ]
      }
    ],
    "AF09ED6F-1707-48FD-8720-65B998362C09" : [
      {
        "date" : 765856454.652964,
        "title" : "Untitled",
        "transform" : [
          0.8907782,
          4.827621e-09,
          0.4544384,
          0,
          0.24177328,
          0.8467278,
          -0.4739175,
          0,
          -0.38478562,
          0.5320265,
          0.75424653,
          0,
          -1.534652,
          1.7521458,
          4.142166,
          1
        ]
      },
      {
        "date" : 765847126.85552,
        "title" : "Untitled",
        "transform" : [
          0.8907782,
          4.827621e-09,
          0.4544384,
          0,
          0.24177328,
          0.8467278,
          -0.4739175,
          0,
          -0.38478562,
          0.5320265,
          0.75424653,
          0,
          -1.2100102,
          1.6730303,
          2.3718297,
          1
        ]
      }
    ]
  },
  "sceneViewportBackgroundColors" : {

  },
  "selectedSceneRelativePath" : "ClockScene.usda"
}