{
  "advancedEditorSelectedIdentifier" : "ProjectBrowser",
  "openSceneRelativePaths" : [
    "F16_Fixed.usda",
    "DC8.usda",
    "ER_2.usda",
    "G5.usda",
    "P3.usda",
    "SIERRA.usda",
    "OTTER.usda",
    "WB57.usda",
    "smokeTrail.usda",
    "C20_A.usda",
    "Mustang.usda"
  ],
  "projectBrowserSort" : "size",
  "recentIdentifiers" : {
    "0093FDE8-2C6E-40DA-BFDB-5910BA6E31F2" : [

    ],
    "04738D92-5149-421D-8C52-F5EC902640BB" : [

    ],
    "06E7C373-0C58-4E8B-8AF4-BD3FADE98803" : [

    ],
    "07507139-1DD8-4FE3-9DE7-0B1F21DDCD16" : [

    ],
    "0AD6B86B-7780-447C-9472-1AD4212A03CB" : [

    ],
    "0BF58DCB-DBC9-4F96-9541-48AA6C4A0328" : [

    ],
    "0D74892E-B957-420D-9E88-2C5AC800548E" : [

    ],
    "0EA9FB00-C372-4D4A-A2FE-C667DBB03639" : [

    ],
    "10320AD6-375E-4E96-9015-46E9A77C2DBC" : [

    ],
    "114646EB-64BA-4A54-B389-4FCE3AD448A4" : [

    ],
    "117EBEC2-DC07-4F2B-81E4-3256A4B1BCAD" : [

    ],
    "1EE9157F-6B23-453D-93E4-292031B0C2FD" : [

    ],
    "20C3BA7D-16BE-4A8B-ADC0-504878F0D8C0" : [

    ],
    "271EB925-1135-4FC8-B0D5-250A808BA034" : [

    ],
    "27D26CC6-5A9E-4B9F-B891-479A0E8B4C75" : [

    ],
    "2AEEBC41-68A7-4CF0-BB8D-5EEDF8F9A448" : [

    ],
    "2E4411C2-3CA3-4C10-BE55-A02DFFAAA560" : [

    ],
    "330F1FD2-531C-40F5-A2F1-643C6E991757" : [

    ],
    "3987ED37-8FD6-4193-AE04-B69C46D61B8D" : [

    ],
    "3AD18073-C014-4294-9966-E5C70EA1D4C4" : [

    ],
    "3B2D92F2-01F7-40E8-826A-E5EA6A664378" : [

    ],
    "3D8D95C1-7CD8-4AAB-B89B-3A77E46F7624" : [

    ],
    "3FA5B0DD-4287-4240-AE2E-C460033485EC" : [

    ],
    "4157023B-D1AD-4515-9A80-19E7910E7FE6" : [

    ],
    "4747139D-B0E2-49CC-B8CF-FF2B19325777" : [

    ],
    "4AD9360F-542A-416C-97BE-C39C87A7822C" : [

    ],
    "4F3BAE81-BFC2-49DA-98E1-7DF637F5C3F8" : [

    ],
    "51A6A4C3-4EAD-48DE-B883-5577934E2573" : [

    ],
    "51C57417-891A-4F88-81D5-4F8A8C2F4A98" : [

    ],
    "52780A33-9F00-4034-AF90-65DFC5176350" : [

    ],
    "5490DAAC-FAD0-4ED9-B8B4-843925750456" : [

    ],
    "5B8133DC-8C26-4CE3-9F72-A0C517849BB8" : [

    ],
    "5EFD91A9-BE69-49CF-9222-8ED4BFFEA1EA" : [

    ],
    "60CAA183-9FC6-4535-AB12-5DA295BCCEC9" : [

    ],
    "625DDC5E-EB4E-4984-A513-57E20B48D3F5" : [

    ],
    "6BA6CE61-4647-4D8E-ADA4-F30D297C33A7" : [

    ],
    "7062B0F5-0A8B-4DB2-9376-5ADD21463E04" : [

    ],
    "7154B6BA-0E3F-441E-A4A8-A743EF427D76" : [

    ],
    "7A0B86E5-EAC1-4B90-BADD-FD463C3E27F0" : [

    ],
    "7B3519D4-3753-47B7-8B8B-75E5A2002ABC" : [

    ],
    "7F398AB5-DD3C-46AD-9D05-944FBA578B61" : [

    ],
    "81A07E05-36D6-4C19-987B-F8CDBDBD2EAA" : [

    ],
    "8FBC6A10-B056-4214-BA4B-FF487796DF90" : [

    ],
    "9114CCFB-1E66-4068-9FFA-585F44E7588F" : [

    ],
    "927A6128-CE16-478D-B01D-CD2EC94EAFC8" : [

    ],
    "938D623D-AC0A-440B-960B-516293101419" : [

    ],
    "93C5CE00-B415-4AD8-A189-808E9803D57D" : [

    ],
    "956B8708-3E30-4D18-9DBF-B5523B8D423E" : [

    ],
    "9E8AA3BD-A26B-45FF-81CB-B30B2A8EF033" : [

    ],
    "AA3BB896-401D-4E86-8429-C7903DB8156F" : [

    ],
    "AC9F15ED-D320-4633-8104-1A8B650F0E89" : [

    ],
    "B7FCC169-F28E-4AAC-B6CE-6F1E6D3CE67C" : [

    ],
    "BBE2A52D-3B83-4652-ABF4-41B1F17A7CF1" : [

    ],
    "BF61EC26-0549-4201-9B6D-CAA1B8BCC129" : [

    ],
    "C53BEF7F-3DFD-43F3-AB52-9030B7122DA8" : [

    ],
    "CAA685BA-970F-468E-B177-F26FC5383308" : [

    ],
    "CAC570D1-69DA-4AC4-9314-F69E3525E7C4" : [

    ],
    "CDF236A0-DC0B-4D99-89FE-0DB5C6796880" : [

    ],
    "D2BC70F3-A50B-42C4-93E1-3959658C61D3" : [

    ],
    "D70F4F2C-7549-4AEC-996B-E32197609462" : [

    ],
    "D802923A-E09A-4EE1-A985-B4FE4528BA30" : [

    ],
    "E37EC9E4-C8AD-4B96-A559-B0270707A3DF" : [

    ],
    "ED76A921-925A-4241-B2AE-19B27AA858D8" : [

    ],
    "EFAE0982-A084-4239-8D2D-1E76D5E2900F" : [

    ],
    "F372F54A-671D-4D64-94A9-7B2BA031E0EB" : [

    ],
    "F45F57F1-A981-4F7D-BD36-7C695D052703" : [

    ],
    "F734B467-9A1A-4F0D-94E3-DC235B255739" : [

    ],
    "F799AC41-9F03-4244-947D-D5750435DC80" : [

    ],
    "F92319ED-AA70-491E-828A-DE8A98F91974" : [

    ],
    "FBAC0A3D-25F7-475D-9A1D-88BB1CC6A57A" : [

    ],
    "FDDA3246-A6CF-4094-9252-534205F2B8B8" : [

    ],
    "FF4FC534-0DA8-4D00-A960-FDD46CCE5527" : [

    ]
  },
  "sceneCameraHistory" : {
    "0093FDE8-2C6E-40DA-BFDB-5910BA6E31F2" : [
      {
        "date" : 714079468.66643,
        "title" : "Untitled",
        "transform" : [
          0.8957868,
          3.7211013e-08,
          -0.44448397,
          0,
          -0.35184187,
          0.6110741,
          -0.70908093,
          0,
          0.27161267,
          0.7915732,
          0.5473923,
          0,
          5.69816,
          10.70717,
          10.954637,
          1
        ]
      },
      {
        "date" : 714079467.060053,
        "title" : "Untitled",
        "transform" : [
          0.8957868,
          3.7211013e-08,
          -0.44448397,
          0,
          -0.35184187,
          0.6110741,
          -0.70908093,
          0,
          0.27161267,
          0.7915732,
          0.5473923,
          0,
          4.974678,
          10.610483,
          11.4534445,
          1
        ]
      },
      {
        "date" : 714079461.851285,
        "title" : "Untitled",
        "transform" : [
          0.8957868,
          3.7211013e-08,
          -0.44448397,
          0,
          -0.35184187,
          0.6110741,
          -0.70908093,
          0,
          0.27161267,
          0.7915732,
          0.5473923,
          0,
          6.952505,
          10.128908,
          11.168458,
          1
        ]
      },
      {
        "date" : 714079421.501697,
        "title" : "Untitled",
        "transform" : [
          0.8957868,
          3.7211013e-08,
          -0.44448397,
          0,
          -0.35184187,
          0.6110741,
          -0.70908093,
          0,
          0.27161267,
          0.7915732,
          0.5473923,
          0,
          0.7704721,
          4.829655,
          5.0902114,
          1
        ]
      },
      {
        "date" : 714079412.554558,
        "title" : "Untitled",
        "transform" : [
          -0.7389145,
          2.291047e-08,
          -0.6737992,
          0,
          -0.31339642,
          0.88524836,
          0.34368297,
          0,
          0.5964797,
          0.46511844,
          -0.6541229,
          0,
          5.495251,
          2.3603828,
          -3.6798465,
          1
        ]
      },
      {
        "date" : 714079316.610724,
        "title" : "Untitled",
        "transform" : [
          -0.4810588,
          2.2582212e-08,
          -0.8766883,
          0,
          -0.3893345,
          0.89597875,
          0.21363685,
          0,
          0.78549415,
          0.44409674,
          -0.4310185,
          0,
          6.44757,
          2.2076604,
          -1.727839,
          1
        ]
      },
      {
        "date" : 714079298.038201,
        "title" : "Untitled",
        "transform" : [
          -0.4810588,
          2.2582212e-08,
          -0.8766883,
          0,
          -0.3893345,
          0.89597875,
          0.21363685,
          0,
          0.78549415,
          0.44409674,
          -0.4310185,
          0,
          1.6550887,
          1.4662273,
          0.99725354,
          1
        ]
      },
      {
        "date" : 714079296.052577,
        "title" : "Untitled",
        "transform" : [
          -0.4810588,
          2.2582212e-08,
          -0.8766883,
          0,
          -0.3893345,
          0.89597875,
          0.21363685,
          0,
          0.78549415,
          0.44409674,
          -0.4310185,
          0,
          1.4917554,
          1.4426541,
          0.6753042,
          1
        ]
      },
      {
        "date" : 714079288.535649,
        "title" : "Untitled",
        "transform" : [
          -0.4810588,
          2.2582212e-08,
          -0.8766883,
          0,
          -0.3893345,
          0.89597875,
          0.21363685,
          0,
          0.78549415,
          0.44409674,
          -0.4310185,
          0,
          0.69056034,
          0.9896804,
          1.1149392,
          1
        ]
      },
      {
        "date" : 714079279.589373,
        "title" : "Untitled",
        "transform" : [
          -0.4810588,
          2.2582212e-08,
          -0.8766883,
          0,
          -0.3893345,
          0.89597875,
          0.21363685,
          0,
          0.78549415,
          0.44409674,
          -0.4310185,
          0,
          1.0179274,
          1.1747643,
          0.93530536,
          1
        ]
      }
    ],
    "04738D92-5149-421D-8C52-F5EC902640BB" : [
      {
        "date" : 713770605.134867,
        "title" : "Untitled",
        "transform" : [
          -0.1350515,
          1.9291888e-09,
          -0.9908386,
          0,
          -0.9680868,
          0.2130658,
          0.13195047,
          0,
          0.21111374,
          0.97703785,
          -0.028774839,
          0,
          0.8452685,
          4.711568,
          -0.5087566,
          1
        ]
      },
      {
        "date" : 713770596.146158,
        "title" : "Untitled",
        "transform" : [
          -0.1350515,
          1.9291888e-09,
          -0.9908386,
          0,
          -0.9680868,
          0.2130658,
          0.13195047,
          0,
          0.21111374,
          0.97703785,
          -0.028774839,
          0,
          0.8840641,
          3.5302434,
          -0.4630389,
          1
        ]
      },
      {
        "date" : 713770564.196151,
        "title" : "Untitled",
        "transform" : [
          -0.1350515,
          1.9291888e-09,
          -0.9908386,
          0,
          -0.9680868,
          0.2130658,
          0.13195047,
          0,
          0.21111374,
          0.97703785,
          -0.028774839,
          0,
          0.3004091,
          0.8087523,
          0.029497832,
          1
        ]
      },
      {
        "date" : 713769677.264721,
        "title" : "Untitled",
        "transform" : [
          0.15101576,
          1.8150348e-09,
          -0.9885314,
          0,
          -0.35738543,
          0.9323598,
          -0.054596957,
          0,
          0.92166686,
          0.3615318,
          0.140801,
          0,
          1.1552597,
          0.37531275,
          0.15177225,
          1
        ]
      },
      {
        "date" : 713769669.898976,
        "title" : "Untitled",
        "transform" : [
          0.15101576,
          1.8150348e-09,
          -0.9885314,
          0,
          -0.35738543,
          0.9323598,
          -0.054596957,
          0,
          0.92166686,
          0.3615318,
          0.140801,
          0,
          2.7010708,
          1.0502547,
          0.35485312,
          1
        ]
      },
      {
        "date" : 713769650.012055,
        "title" : "Untitled",
        "transform" : [
          0.96839684,
          4.2516786e-09,
          -0.24941477,
          0,
          -0.029253896,
          0.99309766,
          -0.113583304,
          0,
          0.24769323,
          0.11729017,
          0.96171254,
          0,
          0.78656995,
          0.33285433,
          2.824977,
          1
        ]
      },
      {
        "date" : 713769348.173076,
        "title" : "Untitled",
        "transform" : [
          0.96839684,
          4.2516786e-09,
          -0.24941477,
          0,
          -0.029253896,
          0.99309766,
          -0.113583304,
          0,
          0.24769323,
          0.11729017,
          0.96171254,
          0,
          0.22497217,
          0.1973105,
          0.5608953,
          1
        ]
      },
      {
        "date" : 713769339.537892,
        "title" : "Untitled",
        "transform" : [
          0.95563835,
          3.701916e-09,
          -0.29454255,
          0,
          0.0038733962,
          0.9999135,
          0.0125672445,
          0,
          0.2945171,
          -0.013150514,
          0.9555558,
          0,
          0.2620471,
          0.11641589,
          0.5855029,
          1
        ]
      },
      {
        "date" : 713769334.740408,
        "title" : "Untitled",
        "transform" : [
          0.95563835,
          3.701916e-09,
          -0.29454255,
          0,
          0.0038733962,
          0.9999135,
          0.0125672445,
          0,
          0.2945171,
          -0.013150514,
          0.9555558,
          0,
          0.40726814,
          -0.011127919,
          0.5389883,
          1
        ]
      },
      {
        "date" : 713769332.644622,
        "title" : "Untitled",
        "transform" : [
          0.95563835,
          3.701916e-09,
          -0.29454255,
          0,
          0.0038733962,
          0.9999135,
          0.0125672445,
          0,
          0.2945171,
          -0.013150514,
          0.9555558,
          0,
          0.43871313,
          0.07433003,
          0.5304725,
          1
        ]
      }
    ],
    "05C5F831-EA04-45A0-8713-DE984212701A" : [
      {
        "date" : 714291561.700612,
        "title" : "Untitled",
        "transform" : [
          1,
          0,
          0,
          0,
          0,
          0.8727626,
          -0.48814484,
          0,
          0,
          0.48814484,
          0.8727626,
          0,
          -0.00051116943,
          36.90953,
          59.459995,
          1
        ]
      },
      {
        "date" : 714291560.667612,
        "title" : "Untitled",
        "transform" : [
          1,
          0,
          0,
          0,
          0,
          0.8660254,
          -0.5,
          0,
          0,
          0.5,
          0.8660254,
          0,
          0,
          0.15916902,
          0.27568886,
          1
        ]
      }
    ],
    "06E7C373-0C58-4E8B-8AF4-BD3FADE98803" : [
      {
        "date" : 714000078.192188,
        "title" : "Untitled",
        "transform" : [
          0.9409309,
          -1.2603104e-08,
          -0.33859867,
          0,
          -0.081587486,
          0.97053593,
          -0.22672342,
          0,
          0.32862177,
          0.24095632,
          0.9132074,
          0,
          29.6032,
          16.429672,
          22.690002,
          1
        ]
      },
      {
        "date" : 713949281.469643,
        "title" : "Untitled",
        "transform" : [
          0.9409309,
          -1.2603104e-08,
          -0.33859867,
          0,
          -0.08158748,
          0.9705358,
          -0.22672339,
          0,
          0.32862177,
          0.24095632,
          0.9132074,
          0,
          5.4180684,
          12.391037,
          32.45876,
          1
        ]
      },
      {
        "date" : 713949273.977053,
        "title" : "Untitled",
        "transform" : [
          0.9189656,
          -1.2464356e-08,
          -0.39433777,
          0,
          -0.12590514,
          0.9476595,
          -0.2934097,
          0,
          0.37369758,
          0.31928244,
          0.87086666,
          0,
          6.9112253,
          14.989418,
          31.048616,
          1
        ]
      },
      {
        "date" : 713949259.338405,
        "title" : "Untitled",
        "transform" : [
          0.9189656,
          -1.2464356e-08,
          -0.39433777,
          0,
          -0.12590514,
          0.9476595,
          -0.2934097,
          0,
          0.37369758,
          0.31928244,
          0.87086666,
          0,
          2.1615849,
          24.68753,
          29.531153,
          1
        ]
      },
      {
        "date" : 713949216.444979,
        "title" : "Untitled",
        "transform" : [
          0.9189656,
          -1.2464356e-08,
          -0.39433777,
          0,
          -0.12590514,
          0.9476595,
          -0.2934097,
          0,
          0.37369758,
          0.31928244,
          0.87086666,
          0,
          1.0029283,
          5.3934197,
          9.269768,
          1
        ]
      },
      {
        "date" : 713949204.432674,
        "title" : "Untitled",
        "transform" : [
          0.9260646,
          -1.05635465e-08,
          -0.3773649,
          0,
          -0.14839028,
          0.9194411,
          -0.36415428,
          0,
          0.34696442,
          0.39322755,
          0.8514621,
          0,
          2.1196764,
          3.3964038,
          6.3572626,
          1
        ]
      },
      {
        "date" : 713949158.314507,
        "title" : "Untitled",
        "transform" : [
          0.99241096,
          -7.115398e-09,
          -0.122965306,
          0,
          -0.06795955,
          0.8333981,
          -0.54847884,
          0,
          0.102478586,
          0.5526729,
          0.8270736,
          0,
          0.30068997,
          4.5472507,
          5.9728947,
          1
        ]
      },
      {
        "date" : 713949131.663949,
        "title" : "Untitled",
        "transform" : [
          0.9941825,
          -6.5375607e-09,
          -0.1077082,
          0,
          -0.047769107,
          0.8962717,
          -0.44092536,
          0,
          0.09653534,
          0.44350526,
          0.8910578,
          0,
          -0.051748782,
          2.3042102,
          3.5707712,
          1
        ]
      },
      {
        "date" : 713949123.281344,
        "title" : "Untitled",
        "transform" : [
          0.9941825,
          -6.5375607e-09,
          -0.1077082,
          0,
          -0.047769107,
          0.8962717,
          -0.44092536,
          0,
          0.09653534,
          0.44350526,
          0.8910578,
          0,
          0.4748046,
          2.1161697,
          3.6073186,
          1
        ]
      },
      {
        "date" : 713926157.184158,
        "title" : "Untitled",
        "transform" : [
          0.9941825,
          -6.5375607e-09,
          -0.1077082,
          0,
          -0.047769107,
          0.8962717,
          -0.44092536,
          0,
          0.09653534,
          0.44350526,
          0.8910578,
          0,
          0.8564264,
          3.8170304,
          6.506683,
          1
        ]
      }
    ],
    "07507139-1DD8-4FE3-9DE7-0B1F21DDCD16" : [
      {
        "date" : 713842062.427203,
        "title" : "Untitled",
        "transform" : [
          0.6337901,
          -8.134318e-09,
          0.7735051,
          0,
          0.36039618,
          0.8848237,
          -0.29529926,
          0,
          -0.6844156,
          0.465926,
          0.56079257,
          0,
          -10.404196,
          11.684066,
          20.393938,
          1
        ]
      },
      {
        "date" : 713822735.7947,
        "title" : "Untitled",
        "transform" : [
          0.6337901,
          -8.134318e-09,
          0.7735051,
          0,
          0.36039618,
          0.8848237,
          -0.29529926,
          0,
          -0.6844156,
          0.465926,
          0.56079257,
          0,
          -4.000147,
          4.7058344,
          10.696601,
          1
        ]
      },
      {
        "date" : 713822722.917206,
        "title" : "Untitled",
        "transform" : [
          0.7503723,
          -6.7908204e-09,
          0.6610154,
          0,
          0.24676658,
          0.92770493,
          -0.2801248,
          0,
          -0.61322707,
          0.3733144,
          0.6961242,
          0,
          -2.5091677,
          3.6538975,
          11.52979,
          1
        ]
      },
      {
        "date" : 713822680.673069,
        "title" : "Untitled",
        "transform" : [
          0.5568903,
          -1.4372161e-08,
          0.830586,
          0,
          0.29511777,
          0.9347475,
          -0.19787022,
          0,
          -0.7763882,
          0.35531273,
          0.520552,
          0,
          -2.9765499,
          3.5151405,
          11.886035,
          1
        ]
      },
      {
        "date" : 713822603.842058,
        "title" : "Untitled",
        "transform" : [
          0.58544725,
          -1.4804755e-08,
          0.81071043,
          0,
          0.25828895,
          0.9478907,
          -0.18652104,
          0,
          -0.76846474,
          0.31859577,
          0.5549401,
          0,
          -2.6667721,
          3.157981,
          12.05858,
          1
        ]
      },
      {
        "date" : 713822596.972979,
        "title" : "Untitled",
        "transform" : [
          0.5581379,
          -2.0729011e-08,
          -0.82974833,
          0,
          -0.034328066,
          0.99914384,
          -0.023091093,
          0,
          0.82903785,
          0.04137167,
          0.55765986,
          0,
          13.3528385,
          9.2708845,
          15.85724,
          1
        ]
      },
      {
        "date" : 713820311.727144,
        "title" : "Untitled",
        "transform" : [
          0.99920946,
          -5.2997535e-09,
          -0.039753247,
          0,
          -0.013969433,
          0.93622386,
          -0.3511261,
          0,
          0.037217993,
          0.35140392,
          0.9354838,
          0,
          -2.7675831,
          14.557913,
          17.612366,
          1
        ]
      },
      {
        "date" : 713820274.932949,
        "title" : "Untitled",
        "transform" : [
          0.9173468,
          -6.381364e-09,
          -0.39808914,
          0,
          0.021030758,
          0.9986035,
          0.048462722,
          0,
          0.39753327,
          -0.05282922,
          0.9160657,
          0,
          5.520795,
          6.3382797,
          21.427431,
          1
        ]
      },
      {
        "date" : 713820263.045329,
        "title" : "Untitled",
        "transform" : [
          0.9173468,
          -6.381364e-09,
          -0.39808914,
          0,
          0.021030758,
          0.9986035,
          0.048462722,
          0,
          0.39753327,
          -0.05282922,
          0.9160657,
          0,
          8.7867565,
          -1.2649443,
          19.571672,
          1
        ]
      },
      {
        "date" : 713820140.500642,
        "title" : "Untitled",
        "transform" : [
          1,
          0,
          0,
          0,
          0,
          0.878939,
          -0.47693425,
          0,
          0,
          0.47693425,
          0.878939,
          0,
          0.2692318,
          10.134576,
          18.949286,
          1
        ]
      }
    ],
    "0AD6B86B-7780-447C-9472-1AD4212A03CB" : [
      {
        "date" : 714070912.229666,
        "title" : "Untitled",
        "transform" : [
          0.9985898,
          7.5116957e-10,
          -0.053090088,
          0,
          0.013854769,
          0.9653477,
          0.26059917,
          0,
          0.05125039,
          -0.2609672,
          0.96398634,
          0,
          16.072502,
          0.63855743,
          54.700104,
          1
        ]
      },
      {
        "date" : 714070899.497917,
        "title" : "Untitled",
        "transform" : [
          0.9995394,
          -3.0998082e-10,
          0.03034688,
          0,
          0.009859738,
          0.945748,
          -0.32475156,
          0,
          -0.028700499,
          0.3249012,
          0.9453123,
          0,
          16.072502,
          0.63855743,
          54.700104,
          1
        ]
      },
      {
        "date" : 714070891.932468,
        "title" : "Untitled",
        "transform" : [
          0.99775416,
          -3.8271952e-10,
          0.0669831,
          0,
          -0.0051531643,
          0.99703634,
          0.07675954,
          0,
          -0.066784576,
          -0.07693232,
          0.9947971,
          0,
          16.072502,
          0.63855743,
          54.700104,
          1
        ]
      },
      {
        "date" : 714070833.398451,
        "title" : "Untitled",
        "transform" : [
          0.99775416,
          1.2655796e-08,
          0.0669831,
          0,
          -0.0051531773,
          0.99703634,
          0.07675954,
          0,
          -0.066784576,
          -0.07693232,
          0.9947971,
          0,
          16.072502,
          0.63855743,
          54.700104,
          1
        ]
      },
      {
        "date" : 714070821.181661,
        "title" : "Untitled",
        "transform" : [
          0.76712644,
          1.5373175e-07,
          -0.641496,
          0,
          -0.26468682,
          0.91090846,
          -0.3165227,
          0,
          0.5843441,
          0.4126084,
          0.698782,
          0,
          88.29404,
          58.07029,
          63.990055,
          1
        ]
      },
      {
        "date" : 714070815.338668,
        "title" : "Untitled",
        "transform" : [
          -0.38517934,
          1.6497354e-07,
          -0.9228418,
          0,
          -0.3094252,
          0.94211274,
          0.12914935,
          0,
          0.8694211,
          0.33529615,
          -0.36288226,
          0,
          94.91313,
          48.903297,
          -68.529495,
          1
        ]
      },
      {
        "date" : 714070466.339685,
        "title" : "Untitled",
        "transform" : [
          0.63590854,
          1.6003867e-07,
          -0.7717645,
          0,
          0.048491884,
          0.99802405,
          0.039955985,
          0,
          0.7702395,
          -0.06283272,
          0.6346521,
          0,
          112.69284,
          0.060131706,
          58.280758,
          1
        ]
      },
      {
        "date" : 714070444.112537,
        "title" : "Untitled",
        "transform" : [
          0.63590854,
          1.6003867e-07,
          -0.7717645,
          0,
          0.048491884,
          0.99802405,
          0.039955985,
          0,
          0.7702395,
          -0.06283272,
          0.6346521,
          0,
          65.097305,
          0.034735233,
          33.666027,
          1
        ]
      },
      {
        "date" : 714070442.541808,
        "title" : "Untitled",
        "transform" : [
          0.63590854,
          1.6003867e-07,
          -0.7717645,
          0,
          0.048491884,
          0.99802405,
          0.039955985,
          0,
          0.7702395,
          -0.06283272,
          0.6346521,
          0,
          89.96671,
          0.048005287,
          46.527607,
          1
        ]
      },
      {
        "date" : 714070149.558415,
        "title" : "Untitled",
        "transform" : [
          0.9668875,
          1.5791831e-07,
          -0.25520328,
          0,
          -0.020302529,
          0.9968306,
          -0.07691925,
          0,
          0.25439435,
          0.07955347,
          0.96382296,
          0,
          45.609283,
          14.111374,
          89.328,
          1
        ]
      }
    ],
    "0BF58DCB-DBC9-4F96-9541-48AA6C4A0328" : [
      {
        "date" : 759115530.192589,
        "title" : "Untitled",
        "transform" : [
          0.9958564,
          7.5489714e-10,
          0.09093898,
          0,
          0.02221567,
          0.9697021,
          -0.24327806,
          0,
          -0.088183984,
          0.24429023,
          0.96568406,
          0,
          -2.1343985,
          5.1614227,
          25.838394,
          1
        ]
      },
      {
        "date" : 759115526.741046,
        "title" : "Untitled",
        "transform" : [
          0.5345349,
          -1.06705755e-10,
          -0.84514636,
          0,
          -0.5640866,
          0.7446613,
          -0.3567715,
          0,
          0.6293477,
          0.66744256,
          0.39804766,
          0,
          25.815287,
          35.649517,
          23.232586,
          1
        ]
      },
      {
        "date" : 759115525.005511,
        "title" : "Untitled",
        "transform" : [
          0.5345349,
          -1.06705755e-10,
          -0.84514636,
          0,
          -0.5640866,
          0.7446613,
          -0.3567715,
          0,
          0.6293477,
          0.66744256,
          0.39804766,
          0,
          -0.29617906,
          7.9577293,
          6.7177405,
          1
        ]
      },
      {
        "date" : 759115515.906225,
        "title" : "Untitled",
        "transform" : [
          0.5345349,
          -1.06705755e-10,
          -0.84514636,
          0,
          -0.5640866,
          0.7446613,
          -0.3567715,
          0,
          0.6293477,
          0.66744256,
          0.39804766,
          0,
          12.780058,
          5.137927,
          6.6391063,
          1
        ]
      },
      {
        "date" : 759115501.374876,
        "title" : "Untitled",
        "transform" : [
          0.99835134,
          -2.2808313e-09,
          -0.057399098,
          0,
          -0.00095176924,
          0.99986255,
          -0.016555512,
          0,
          0.057391047,
          0.016582794,
          0.998214,
          0,
          9.956706,
          1.2258337,
          16.16328,
          1
        ]
      },
      {
        "date" : 759115497.270794,
        "title" : "Untitled",
        "transform" : [
          0.86524177,
          -1.430899e-09,
          -0.50135475,
          0,
          -0.49606827,
          0.1448361,
          -0.85611844,
          0,
          0.072614186,
          0.9894557,
          0.12531836,
          0,
          9.517254,
          20.389309,
          8.0615225,
          1
        ]
      },
      {
        "date" : 759115488.6242,
        "title" : "Untitled",
        "transform" : [
          0.86524177,
          -1.430899e-09,
          -0.50135475,
          0,
          -0.49606827,
          0.1448361,
          -0.85611844,
          0,
          0.072614186,
          0.9894557,
          0.12531836,
          0,
          6.648077,
          11.607212,
          11.056806,
          1
        ]
      },
      {
        "date" : 759115474.025354,
        "title" : "Untitled",
        "transform" : [
          0.99877286,
          1.2733917e-08,
          -0.049525153,
          0,
          -0.0043800822,
          0.9960812,
          -0.08833514,
          0,
          0.049330965,
          0.08844367,
          0.99485886,
          0,
          -4.1386,
          2.092115,
          29.2958,
          1
        ]
      },
      {
        "date" : 759115469.909891,
        "title" : "Untitled",
        "transform" : [
          0.99877286,
          1.2733917e-08,
          -0.049525153,
          0,
          -0.0043800822,
          0.9960812,
          -0.08833514,
          0,
          0.049330965,
          0.08844367,
          0.99485886,
          0,
          -4.704103,
          1.0782312,
          17.89114,
          1
        ]
      },
      {
        "date" : 759115466.286538,
        "title" : "Untitled",
        "transform" : [
          0.9960624,
          1.2973751e-08,
          -0.08865516,
          0,
          0.0093240095,
          0.9944542,
          0.10475634,
          0,
          0.08816338,
          -0.10517049,
          0.9905384,
          0,
          -3.7829084,
          -2.0033197,
          24.996357,
          1
        ]
      }
    ],
    "0CD5E7B0-1A80-4D34-AE3A-9506EFAC43CA" : [
      {
        "date" : 713740788.523478,
        "title" : "Untitled",
        "transform" : [
          0.15792163,
          4.5089482e-10,
          -0.9874517,
          0,
          -0.22258192,
          0.97426385,
          -0.035597183,
          0,
          0.96203846,
          0.22541045,
          0.15385735,
          0,
          0.06699985,
          0.4302042,
          0.12459786,
          1
        ]
      },
      {
        "date" : 713740778.033137,
        "title" : "Untitled",
        "transform" : [
          1,
          0,
          0,
          0,
          0,
          0.86602545,
          -0.49999994,
          0,
          0,
          0.49999994,
          0.86602545,
          0,
          0.109350175,
          1.6598027,
          1.0498396,
          1
        ]
      },
      {
        "date" : 713740772.902397,
        "title" : "Untitled",
        "transform" : [
          1,
          0,
          0,
          0,
          0,
          0.86602545,
          -0.49999994,
          0,
          0,
          0.49999994,
          0.86602545,
          0,
          0,
          1.8274672,
          3.1652663,
          1
        ]
      },
      {
        "date" : 713740770.167727,
        "title" : "Untitled",
        "transform" : [
          1,
          0,
          0,
          0,
          0,
          0.86602545,
          -0.49999994,
          0,
          0,
          0.49999994,
          0.86602545,
          0,
          0,
          0.56713337,
          0.98230386,
          1
        ]
      },
      {
        "date" : 713740760.87376,
        "title" : "Untitled",
        "transform" : [
          1,
          0,
          0,
          0,
          0,
          0.86602545,
          -0.49999994,
          0,
          0,
          0.49999994,
          0.86602545,
          0,
          0,
          0.19112809,
          0.3310436,
          1
        ]
      }
    ],
    "0D702214-476F-4914-89A3-94C534D8B9C9" : [
      {
        "date" : 713923946.2614,
        "title" : "Untitled",
        "transform" : [
          1,
          0,
          0,
          0,
          0,
          0.8660254,
          -0.5,
          0,
          0,
          0.5,
          0.8660254,
          0,
          0,
          0.23875366,
          0.4135335,
          1
        ]
      }
    ],
    "0D74892E-B957-420D-9E88-2C5AC800548E" : [
      {
        "date" : 714285116.426643,
        "title" : "Untitled",
        "transform" : [
          -0.8388914,
          -8.587648e-09,
          0.5442989,
          0,
          0.43576363,
          0.59920424,
          0.6716134,
          0,
          -0.3261461,
          0.80059636,
          -0.5026671,
          0,
          -0.8706058,
          38.10361,
          -14.686953,
          1
        ]
      },
      {
        "date" : 714284897.097981,
        "title" : "Untitled",
        "transform" : [
          -0.23921171,
          1.5292711e-08,
          0.97096735,
          0,
          0.2567779,
          0.9643979,
          0.06326095,
          0,
          -0.93639886,
          0.26445583,
          -0.23069528,
          0,
          -31.800282,
          21.20565,
          -14.4365425,
          1
        ]
      },
      {
        "date" : 714284617.018342,
        "title" : "Untitled",
        "transform" : [
          -0.94098973,
          1.3705812e-08,
          0.33843488,
          0,
          0.15557152,
          0.888085,
          0.43255362,
          0,
          -0.30055895,
          0.45967945,
          -0.8356789,
          0,
          -3.835222,
          27.896141,
          -29.604856,
          1
        ]
      },
      {
        "date" : 714284596.90084,
        "title" : "Untitled",
        "transform" : [
          -0.9472655,
          9.336052e-09,
          0.32044965,
          0,
          0.03973592,
          0.9922822,
          0.11746148,
          0,
          -0.31797653,
          0.124000676,
          -0.9399547,
          0,
          -5.7865925,
          16.084864,
          -37.109886,
          1
        ]
      },
      {
        "date" : 714283890.360228,
        "title" : "Untitled",
        "transform" : [
          -0.9472655,
          9.336052e-09,
          0.32044965,
          0,
          0.03973592,
          0.9922822,
          0.11746148,
          0,
          -0.31797653,
          0.124000676,
          -0.9399547,
          0,
          -8.483248,
          23.580696,
          -54.403755,
          1
        ]
      },
      {
        "date" : 714283883.232118,
        "title" : "Untitled",
        "transform" : [
          -0.958931,
          8.659568e-09,
          0.28363937,
          0,
          0.0693273,
          0.96966934,
          0.23438257,
          0,
          -0.27503645,
          0.24442075,
          -0.929846,
          0,
          -5.434371,
          30.27748,
          -51.75613,
          1
        ]
      },
      {
        "date" : 714283876.491433,
        "title" : "Untitled",
        "transform" : [
          -0.9833791,
          8.27076e-09,
          0.18156396,
          0,
          0.049402367,
          0.9622708,
          0.26757115,
          0,
          -0.17471378,
          0.27209365,
          -0.946277,
          0,
          0.1817891,
          31.73072,
          -51.16721,
          1
        ]
      },
      {
        "date" : 714283874.699717,
        "title" : "Untitled",
        "transform" : [
          -0.9995899,
          9.728243e-09,
          0.028637491,
          0,
          0.010864285,
          0.92524374,
          0.3792175,
          0,
          -0.026496746,
          0.3793732,
          -0.9248643,
          0,
          8.1372385,
          37.223866,
          -46.61678,
          1
        ]
      },
      {
        "date" : 714283862.570771,
        "title" : "Untitled",
        "transform" : [
          -0.9995899,
          9.728243e-09,
          0.028637491,
          0,
          0.010864285,
          0.92524374,
          0.3792175,
          0,
          -0.026496746,
          0.3793732,
          -0.9248643,
          0,
          4.5175567,
          20.665602,
          -25.880274,
          1
        ]
      },
      {
        "date" : 714283840.306764,
        "title" : "Untitled",
        "transform" : [
          -0.9995899,
          9.728243e-09,
          0.028637491,
          0,
          0.010864285,
          0.92524374,
          0.3792175,
          0,
          -0.026496746,
          0.3793732,
          -0.9248643,
          0,
          4.8668876,
          20.503828,
          -25.956642,
          1
        ]
      }
    ],
    "0EA9FB00-C372-4D4A-A2FE-C667DBB03639" : [
      {
        "date" : 713500581.756443,
        "title" : "Untitled",
        "transform" : [
          1,
          0,
          0,
          0,
          0,
          0.86602545,
          -0.49999994,
          0,
          0,
          0.49999994,
          0.86602545,
          0,
          0,
          0.28748548,
          0.49793845,
          1
        ]
      },
      {
        "date" : 713498169.648429,
        "title" : "Untitled",
        "transform" : [
          1,
          0,
          0,
          0,
          0,
          0.86602545,
          -0.49999994,
          0,
          0,
          0.49999994,
          0.86602545,
          0,
          0,
          0.45643258,
          0.7905628,
          1
        ]
      },
      {
        "date" : 713498150.852398,
        "title" : "Untitled",
        "transform" : [
          1,
          0,
          0,
          0,
          0,
          0.86602545,
          -0.49999994,
          0,
          0,
          0.49999994,
          0.86602545,
          0,
          0,
          2.0421097,
          3.5370386,
          1
        ]
      },
      {
        "date" : 713498136.580574,
        "title" : "Untitled",
        "transform" : [
          1,
          0,
          0,
          0,
          0,
          0.86602545,
          -0.49999994,
          0,
          0,
          0.49999994,
          0.86602545,
          0,
          0,
          0.21978815,
          0.3806843,
          1
        ]
      }
    ],
    "10320AD6-375E-4E96-9015-46E9A77C2DBC" : [
      {
        "date" : 714030941.689955,
        "title" : "Untitled",
        "transform" : [
          0.998597,
          2.4460511e-10,
          0.052951243,
          0,
          -0.013343672,
          0.9677279,
          0.25164405,
          0,
